  1.    -6.932590    -0.829350     2.864753
  1.    -8.851618    -0.300530     3.058866
  1.    -5.964591    -1.431456     1.221449
  1.    -8.499623     0.987104     0.394786
  1.    -6.655850     0.215627     0.321850
  1.    -9.391285     2.213466    -0.909429
  1.    -7.962561    -1.551124     4.419810
  1.    -5.299396     0.381370    -1.759407
  1.    -6.430663     0.064051    -3.377908
  1.    -3.420503    -0.128412    -1.301276
  1.    -1.543959     0.523309    -1.533308
  1.    -2.232481     2.331228    -2.040619
  1.    -4.529352    -0.345717     0.348947
  1.     1.920713     9.741758    -1.304230
  1.     1.312183     9.659639     0.599174
  1.     1.598990     8.973860    -4.231569
  1.     1.223510    10.840244    -3.618689
  1.     1.455330    11.624329    -1.793457
  1.     3.372001     6.382435    -0.427580
  1.     2.075875     7.760952    -1.075456
  1.     5.124535     4.183754     1.115440
  1.     3.245802     4.267576     1.796131
  1.     4.230917     4.587383    -0.627699
  1.     5.980844     5.416164    -1.128577
  1.     0.087997     5.596096     0.382089
  1.     1.696432     3.335893     0.940903
  1.     1.410774     4.510089    -0.652729
  1.     0.413707     1.234786     2.420170
  1.    -0.064363     1.197499    -0.368720
  1.    -0.692121     0.111597     1.189078
  1.     1.639488     2.754498     2.853686
  1.    -0.284531     3.249516     3.084135
  1.     0.906690    -1.969066    -0.378865
  1.     1.382293     0.545679    -1.586225
  1.     2.529848    -0.858926    -0.743492
  1.     2.423829    -3.114218     0.243160
  1.     3.406088    -9.912181     0.219493
  1.     1.448827    -8.303082     1.479568
  1.     1.627612    -9.169153    -0.314299
  1.     3.087437    -5.842748    -0.061428
  1.     1.357094    -6.447691     0.738548
  1.     4.698857    -6.934767    -0.520581
  1.     1.251728    -3.615752    -1.460242
  1.     3.121408    -4.318102    -1.355376
  1.     5.880995    -5.715569    -1.577040
  1.     6.273689    -3.759490    -1.437249
  1.     2.437114    -8.224189     3.216538
  1.     1.019144    -9.576063     3.618776
  1.    -0.333982    -9.204530    -0.702756
  1.    -0.552291   -11.137767    -0.239144
